<?xml version="1.0" encoding="utf-8"?>
<COLLADA version="1.4.0" xmlns="http://www.collada.org/2005/11/COLLADASchema">
  <asset>
    <contributor>
      <author>www.makehuman.org</author>
    </contributor>
    <created>Thu, 07 Dec 2017 08:54:54 +0000</created>
    <modified>Thu, 07 Dec 2017 08:54:54 +0000</modified>
    <unit meter="0.1000" name="decimeter"/>
    <up_axis>Y_UP</up_axis>
  </asset>

  <library_images>
    <image id="young_lightskinned_male_diffuse_png" name="young_lightskinned_male_diffuse_png">
      <init_from>textures/young_lightskinned_male_diffuse.png</init_from>
    </image>
    <image id="male02_diffuse_black_png" name="male02_diffuse_black_png">
      <init_from>textures/male02_diffuse_black.png</init_from>
    </image>
    <image id="brown_eye_png" name="brown_eye_png">
      <init_from>textures/brown_eye.png</init_from>
    </image>
    <image id="eyebrow001_png" name="eyebrow001_png">
      <init_from>textures/eyebrow001.png</init_from>
    </image>
    <image id="suit01lres_diffuse_png" name="suit01lres_diffuse_png">
      <init_from>textures/suit01lres_diffuse.png</init_from>
    </image>
    <image id="suit01_normals_png" name="suit01_normals_png">
      <init_from>textures/suit01_normals.png</init_from>
    </image>
    <image id="classicshoes_texture_diffuse_black_png" name="classicshoes_texture_diffuse_black_png">
      <init_from>textures/classicshoes_texture_diffuse_black.png</init_from>
    </image>
    <image id="classicshoes_texture_normals_png" name="classicshoes_texture_normals_png">
      <init_from>textures/classicshoes_texture_normals.png</init_from>
    </image>
  </library_images>

  <library_effects>
    <effect id="young_caucasian_male-effect">
      <profile_COMMON>
        <newparam sid="young_lightskinned_male_diffuse_png-surface">
          <surface type="2D">
            <init_from>young_lightskinned_male_diffuse_png</init_from>
          </surface>
        </newparam>
        <newparam sid="young_lightskinned_male_diffuse_png-sampler">
          <sampler2D>
            <source>young_lightskinned_male_diffuse_png-surface</source>
          </sampler2D>
        </newparam>
        <technique sid="common">
          <phong>
            <diffuse>
              <color>1.0000 1.0000 1.0000 0.0000</color> 
              <texture texture="young_lightskinned_male_diffuse_png-sampler" texcoord="UVTex"/>
            </diffuse>
            <transparency>
              <texture texture="young_lightskinned_male_diffuse_png-sampler" texcoord="UVTex"/>
            </transparency>
            <specular>
              <color>0.0275 0.0275 0.0275 0.0000</color> 
            </specular>
            <shininess><float>128.0</float></shininess>
            <normal>
            </normal>
            <bump>
            </bump>
            <displacement>
            </displacement>
          </phong>
          <extra/>
        </technique>
        <extra>
          <technique profile="GOOGLEEARTH">
            <show_double_sided>1</show_double_sided>
          </technique>
        </extra>
      </profile_COMMON>
      <extra><technique profile="MAX3D"><double_sided>1</double_sided></technique></extra>
    </effect>
    <effect id="mhair02black-effect">
      <profile_COMMON>
        <newparam sid="male02_diffuse_black_png-surface">
          <surface type="2D">
            <init_from>male02_diffuse_black_png</init_from>
          </surface>
        </newparam>
        <newparam sid="male02_diffuse_black_png-sampler">
          <sampler2D>
            <source>male02_diffuse_black_png-surface</source>
          </sampler2D>
        </newparam>
        <technique sid="common">
          <phong>
            <diffuse>
              <color>1.0000 1.0000 1.0000 0.0000</color> 
              <texture texture="male02_diffuse_black_png-sampler" texcoord="UVTex"/>
            </diffuse>
            <transparency>
              <texture texture="male02_diffuse_black_png-sampler" texcoord="UVTex"/>
            </transparency>
            <specular>
              <color>0.0510 0.0510 0.0510 0.0000</color> 
            </specular>
            <shininess><float>245.76</float></shininess>
            <normal>
            </normal>
            <bump>
            </bump>
            <displacement>
            </displacement>
          </phong>
          <extra/>
        </technique>
        <extra>
          <technique profile="GOOGLEEARTH">
            <show_double_sided>1</show_double_sided>
          </technique>
        </extra>
      </profile_COMMON>
      <extra><technique profile="MAX3D"><double_sided>1</double_sided></technique></extra>
    </effect>
    <effect id="Eye_brown-effect">
      <profile_COMMON>
        <newparam sid="brown_eye_png-surface">
          <surface type="2D">
            <init_from>brown_eye_png</init_from>
          </surface>
        </newparam>
        <newparam sid="brown_eye_png-sampler">
          <sampler2D>
            <source>brown_eye_png-surface</source>
          </sampler2D>
        </newparam>
        <technique sid="common">
          <phong>
            <diffuse>
              <color>1.0000 1.0000 1.0000 0.0000</color> 
              <texture texture="brown_eye_png-sampler" texcoord="UVTex"/>
            </diffuse>
            <transparency>
              <texture texture="brown_eye_png-sampler" texcoord="UVTex"/>
            </transparency>
            <specular>
              <color>1.0000 1.0000 1.0000 0.0000</color> 
            </specular>
            <shininess><float>256.0</float></shininess>
            <normal>
            </normal>
            <bump>
            </bump>
            <displacement>
            </displacement>
          </phong>
          <extra/>
        </technique>
        <extra>
          <technique profile="GOOGLEEARTH">
            <show_double_sided>1</show_double_sided>
          </technique>
        </extra>
      </profile_COMMON>
      <extra><technique profile="MAX3D"><double_sided>1</double_sided></technique></extra>
    </effect>
    <effect id="eyebrow001-effect">
      <profile_COMMON>
        <newparam sid="eyebrow001_png-surface">
          <surface type="2D">
            <init_from>eyebrow001_png</init_from>
          </surface>
        </newparam>
        <newparam sid="eyebrow001_png-sampler">
          <sampler2D>
            <source>eyebrow001_png-surface</source>
          </sampler2D>
        </newparam>
        <technique sid="common">
          <phong>
            <diffuse>
              <color>1.0000 1.0000 1.0000 0.0000</color> 
              <texture texture="eyebrow001_png-sampler" texcoord="UVTex"/>
            </diffuse>
            <transparency>
              <texture texture="eyebrow001_png-sampler" texcoord="UVTex"/>
            </transparency>
            <specular>
              <color>0.0000 0.0000 0.0000 0.0000</color> 
            </specular>
            <shininess><float>128.0</float></shininess>
            <normal>
            </normal>
            <bump>
            </bump>
            <displacement>
            </displacement>
          </phong>
          <extra/>
        </technique>
        <extra>
          <technique profile="GOOGLEEARTH">
            <show_double_sided>1</show_double_sided>
          </technique>
        </extra>
      </profile_COMMON>
      <extra><technique profile="MAX3D"><double_sided>1</double_sided></technique></extra>
    </effect>
    <effect id="suit01-effect">
      <profile_COMMON>
        <newparam sid="suit01lres_diffuse_png-surface">
          <surface type="2D">
            <init_from>suit01lres_diffuse_png</init_from>
          </surface>
        </newparam>
        <newparam sid="suit01lres_diffuse_png-sampler">
          <sampler2D>
            <source>suit01lres_diffuse_png-surface</source>
          </sampler2D>
        </newparam>
        <newparam sid="suit01_normals_png-surface">
          <surface type="2D">
            <init_from>suit01_normals_png</init_from>
          </surface>
        </newparam>
        <newparam sid="suit01_normals_png-sampler">
          <sampler2D>
            <source>suit01_normals_png-surface</source>
          </sampler2D>
        </newparam>
        <technique sid="common">
          <phong>
            <diffuse>
              <color>1.0000 1.0000 1.0000 0.0000</color> 
              <texture texture="suit01lres_diffuse_png-sampler" texcoord="UVTex"/>
            </diffuse>
            <transparency>
              <texture texture="suit01lres_diffuse_png-sampler" texcoord="UVTex"/>
            </transparency>
            <specular>
              <color>0.0314 0.0314 0.0314 0.0000</color> 
            </specular>
            <shininess><float>50.2016</float></shininess>
            <normal>
              <texture texture="suit01_normals_png-sampler" texcoord="UVTex"/>
            </normal>
            <bump>
            </bump>
            <displacement>
            </displacement>
          </phong>
          <extra/>
        </technique>
        <extra>
          <technique profile="GOOGLEEARTH">
            <show_double_sided>1</show_double_sided>
          </technique>
        </extra>
      </profile_COMMON>
      <extra><technique profile="MAX3D"><double_sided>1</double_sided></technique></extra>
    </effect>
    <effect id="BrownClassicShoesMaterial-effect">
      <profile_COMMON>
        <newparam sid="classicshoes_texture_diffuse_black_png-surface">
          <surface type="2D">
            <init_from>classicshoes_texture_diffuse_black_png</init_from>
          </surface>
        </newparam>
        <newparam sid="classicshoes_texture_diffuse_black_png-sampler">
          <sampler2D>
            <source>classicshoes_texture_diffuse_black_png-surface</source>
          </sampler2D>
        </newparam>
        <newparam sid="classicshoes_texture_normals_png-surface">
          <surface type="2D">
            <init_from>classicshoes_texture_normals_png</init_from>
          </surface>
        </newparam>
        <newparam sid="classicshoes_texture_normals_png-sampler">
          <sampler2D>
            <source>classicshoes_texture_normals_png-surface</source>
          </sampler2D>
        </newparam>
        <technique sid="common">
          <phong>
            <diffuse>
              <color>1.0000 1.0000 1.0000 0.0000</color> 
              <texture texture="classicshoes_texture_diffuse_black_png-sampler" texcoord="UVTex"/>
            </diffuse>
            <transparency>
              <texture texture="classicshoes_texture_diffuse_black_png-sampler" texcoord="UVTex"/>
            </transparency>
            <specular>
              <color>0.2784 0.2784 0.2784 0.0000</color> 
            </specular>
            <shininess><float>102.4</float></shininess>
            <normal>
              <texture texture="classicshoes_texture_normals_png-sampler" texcoord="UVTex"/>
            </normal>
            <bump>
            </bump>
            <displacement>
            </displacement>
          </phong>
          <extra/>
        </technique>
        <extra>
          <technique profile="GOOGLEEARTH">
            <show_double_sided>1</show_double_sided>
          </technique>
        </extra>
      </profile_COMMON>
      <extra><technique profile="MAX3D"><double_sided>1</double_sided></technique></extra>
    </effect>
  </library_effects>

  <library_materials>
    <material id="young_caucasian_male" name="young_caucasian_male">
      <instance_effect url="#young_caucasian_male-effect"/>
    </material>
    <material id="mhair02black" name="mhair02black">
      <instance_effect url="#mhair02black-effect"/>
    </material>
    <material id="Eye_brown" name="Eye_brown">
      <instance_effect url="#Eye_brown-effect"/>
    </material>
    <material id="eyebrow001" name="eyebrow001">
      <instance_effect url="#eyebrow001-effect"/>
    </material>
    <material id="suit01" name="suit01">
      <instance_effect url="#suit01-effect"/>
    </material>
    <material id="BrownClassicShoesMaterial" name="BrownClassicShoesMaterial">
      <instance_effect url="#BrownClassicShoesMaterial-effect"/>
    </material>
  </library_materials>

  <library_controllers>

    <controller id="p2-proxy741-skin">
      <skin source="#p2-proxy741Mesh">
        <bind_shape_matrix>
          1 0 0 0
          0 1 0 0
          0 0 1 0
          0 0 0 1
        </bind_shape_matrix>
        <source id="p2-proxy741-skin-joints">
          <IDREF_array count="32" id="p2-proxy741-skin-joints-array">
            hips thigh_L thigh_R spine shin_L shin_R chest foot_L foot_R clavicle_R clavicle_L neck toe_L toe_R upper_arm_R upper_arm_L head forearm_R forearm_L jaw eye_R eye_L hand_R hand_L thumb_02_R f_ring_01_R f_index_01_R thumb_02_L f_ring_01_L f_index_01_L thumb_03_R thumb_03_L
          </IDREF_array>
          <technique_common>
            <accessor count="32" source="#p2-proxy741-skin-joints-array" stride="1">
              <param type="IDREF" name="JOINT"></param>
            </accessor>
          </technique_common>
        </source>
        <source id="p2-proxy741-skin-weights">
          <float_array count="843" id="p2-proxy741-skin-weights-array">
           0.121546 0.154471 0.905426 1.0 0.486914 0.989401 0.701079 0.759888 0.998031 0.930546 0.421211 0.520876 0.458899 0.769986 0.771342 0.980115 0.992943 0.918856 0.883527 0.753414 0.994827 0.7906 0.847447 0.871908 0.473405 0.546919 1.0 0.007786 0.810138 0.868257 0.13602 1.0 0.930546 0.99817 0.997552 0.769986 0.980115 0.992943 0.989374 0.473405 0.405026 1.0 0.230014 0.0198848 0.00705723 0.0105986 0.298921 0.240112 0.00196878 0.578789 0.479124 0.541101 0.230014 1.0 1.0 1.0 1.0 1.0 1.0 1.0 0.228658 0.0198848 0.00705723 0.0532598 0.00517335 0.189862 0.131743 0.00183031 0.878454 0.845529 0.094574 0.513086 0.069454 0.081144 0.063213 0.246586 0.2094 0.152553 0.128092 0.526595 0.453081 0.925204 0.992214 0.86398 0.069454 0.00244781 0.0106258 0.526595 0.589462 0.904635 0.299005 1.0 0.0471755 0.0227425 0.095752 0.207582 0.402718 0.46034 0.350164 0.442345 0.474549 0.441923 0.458765 1.0 1.0 1.0 1.0 1.0 1.0 1.0 0.299005 1.0 0.0471755 0.0227425 0.095752 0.207582 0.402718 0.46034 0.350164 0.442345 0.474549 0.441923 0.458765 1.0 1.0 1.0 1.0 1.0 1.0 1.0 0.0747957 1.0 0.986509 0.799236 0.632852 0.657033 0.360233 0.334232 0.403502 0.466729 0.668886 0.534984 0.226458 0.342129 0.126518 0.808434 0.543628 0.11858 0.130224 0.20399 0.343503 0.261418 0.484989 0.668021 0.282904 0.31206 0.00385411 0.00138414 0.0055125 0.095365 0.986509 0.799236 0.632852 0.657033 0.360233 0.334232 0.466729 0.668886 0.534984 0.226458 0.342129 0.126518 0.808434 0.981484 0.543628 0.116096 0.11858 0.130224 0.20399 0.343503 0.261418 0.484989 0.282904 0.31206 0.00385411 0.00138414 1.0 0.700995 1.0 1.0 1.0 1.0 1.0 1.0 0.952824 0.977257 0.904248 0.792418 0.597283 0.53966 0.649836 0.557655 0.525451 0.558077 0.541235 1.0 0.700995 1.0 1.0 1.0 1.0 1.0 1.0 0.952824 0.977257 0.904248 0.792418 0.597283 0.53966 0.649836 0.557655 0.525451 0.558077 0.541235 0.0134909 0.200764 0.241376 0.322307 1.0 0.637316 0.582901 0.00442841 0.25223 0.548187 0.446068 0.687138 0.191566 0.422972 0.136478 0.0104386 0.178017 0.429683 0.381967 0.0207335 0.0134909 0.200764 0.241376 0.322307 1.0 0.637316 0.582901 0.00442841 0.25223 0.548187 0.446068 0.687138 0.191566 0.422972 0.136478 0.0104386 0.178017 0.429683 0.381967 0.596497 0.533271 0.326686 0.212786 0.225354 0.211803 0.186344 0.0252515 0.88142 0.869776 0.79601 0.520019 0.728144 0.336994 0.311246 0.287412 0.305973 0.694657 0.676472 0.683701 0.79125 0.201981 0.688981 0.166027 0.766222 0.236883 0.476947 0.778774 0.725489 0.0424632 0.118139 0.508056 0.101415 0.743224 0.533271 0.326686 0.212786 0.225354 0.211803 0.186344 0.018516 0.0252515 0.883904 0.88142 0.869776 0.79601 0.520019 0.728144 0.336994 0.287412 0.305973 0.705199 0.694657 0.676472 0.683701 0.79125 0.688981 0.166027 0.236883 0.476948 0.778774 0.725489 0.0424632 0.118139 0.508056 0.101415 0.743224 0.168142 0.134364 0.201569 0.125772 0.0206598 0.231263 0.171807 0.117075 0.00245151 0.0828671 0.00814844 0.0081782 0.00275792 0.000311389 0.168142 0.134364 0.201569 0.125772 0.0206598 0.231263 0.171807 0.117075 0.00245151 0.0828671 0.00814844 0.0081782 0.00275792 0.000311389 1.0 1.0 1.0 1.0 1.0 1.0 1.0 0.957295 0.764763 0.135186 0.0664077 1.0 1.0 0.943696 0.731547 0.177785 0.0574996 1.0 1.0 1.0 1.0 1.0 1.0 0.305343 1.0 1.0 1.0 1.0 1.0 1.0 1.0 1.0 1.0 1.0 1.0 1.0 1.0 0.323527 0.316299 0.205412 1.0 1.0 1.0 0.991822 0.17076 0.115092 0.00249405 1.0 1.0 1.0 1.0 1.0 1.0 1.0 1.0 1.0 1.0 1.0 1.0 1.0 1.0 1.0 1.0 1.0 1.0 0.989845 0.710159 0.00107661 0.544937 0.047303 0.0615287 0.229136 1.0 1.0 1.0 1.0 1.0 1.0 1.0 0.465603 1.0 1.0 1.0 0.832315 0.408046 1.0 0.337287 0.194202 1.0 1.0 1.0 1.0 1.0 0.0668594 0.256776 1.0 0.964561 0.739981 0.725321 0.66452 1.0 0.997242 1.0 1.0 1.0 1.0 1.0 1.0 1.0 1.0 0.964483 1.0 1.0 0.999689 1.0 0.937729 1.0 1.0 1.0 1.0 1.0 1.0 1.0 1.0 1.0 1.0 1.0 1.0 1.0 1.0 1.0 1.0 1.0 1.0 1.0 1.0 0.957295 0.764763 0.135186 0.0664077 1.0 0.943696 0.731547 0.177785 0.0574996 0.294801 1.0 1.0 0.305343 1.0 1.0 1.0 1.0 1.0 1.0 1.0 1.0 1.0 1.0 1.0 0.323527 0.316299 0.205412 1.0 1.0 1.0 0.991822 0.17076 0.115092 0.00249405 1.0 1.0 1.0 1.0 1.0 1.0 1.0 1.0 1.0 1.0 1.0 1.0 1.0 1.0 1.0 1.0 0.989845 0.710159 0.00107661 0.544937 0.047303 0.0615287 0.229136 1.0 1.0 1.0 1.0 1.0 1.0 1.0 0.465603 1.0 1.0 1.0 0.832315 0.408046 1.0 0.337287 0.194202 1.0 1.0 1.0 1.0 1.0 0.0668594 0.256776 1.0 1.0 0.964561 0.739981 0.725321 0.66452 1.0 0.997242 1.0 1.0 1.0 1.0 1.0 1.0 1.0 1.0 0.964483 1.0 1.0 0.999689 1.0 0.937729 1.0 1.0 1.0 1.0 1.0 1.0 1.0 1.0 1.0 1.0 1.0 1.0 1.0 0.198465 0.029505 0.831858 0.865636 0.0378889 0.798431 0.25187 0.26025 0.0904447 0.768737 0.828192 0.882925 0.198465 0.029505 0.831858 0.865636 0.0378889 0.798431 0.25187 0.26025 0.0904447 0.768737 0.828192 0.882925 0.0427053 0.235237 0.864814 0.933592 0.0563039 0.268453 0.822215 0.9425 1.0 0.00333852 0.798019 0.307165 0.832589 0.233777 1.0 1.0 0.763117 0.352293 0.106134 0.997506 0.0101548 0.289841 0.273435 0.455062 0.952697 0.896008 0.652725 0.0263415 0.06627 0.591954 0.662713 0.805798 1.0 0.933141 1.0 0.035439 0.260019 0.274679 0.33548 0.0355174 0.0622712 0.0427053 0.235237 0.864814 0.933592 1.0 0.0563039 0.268453 0.822215 0.9425 0.00333852 0.307165 0.832589 1.0 1.0 1.0 1.0 0.763117 0.352293 0.106134 0.997506 1.0 0.0101548 0.289841 0.273435 0.455062 0.952697 0.896008 0.652725 0.0263415 0.06627 0.591954 0.662713 0.805798 1.0 0.933141 0.035439 0.260019 0.274679 0.33548 0.0355174 0.0622712 0.417605 0.0672448 0.0811521 0.586028 0.677327 0.583612 1.0 0.953322 1.0 0.963047 1.0 1.0 1.0 1.0 0.980046 1.0 0.75187 0.495929 0.804767 0.53046 0.801535 0.970495 0.962111 0.74813 0.73975 0.909555 0.417605 0.0673054 0.0811521 0.586028 0.677327 0.583612 1.0 0.953322 1.0 0.963047 1.0 1.0 1.0 1.0 0.980046 1.0 0.75187 0.495929 0.804767 0.53046 0.801535 0.970495 0.962111 0.74813 0.73975 0.909555 0.00434398 0.640655 0.845554 0.823111 0.843938 0.24813 0.504071 0.195233 0.46954 1.0 1.0 1.0 1.0 1.0 1.0 1.0 1.0 0.582395 0.932755 0.918848 0.413972 0.0466781 0.0369533 1.0 1.0 1.0 1.0 0.322673 0.416388 0.0156103 0.00434398 0.640655 0.845554 0.823111 0.843938 0.24813 0.504071 0.195233 0.46954 1.0 1.0 1.0 1.0 1.0 1.0 1.0 1.0 0.582395 0.932695 0.918848 0.413972 0.0466781 0.0369533 1.0 1.0 1.0 1.0 0.322673 0.416388 0.0156103 0.359345 0.154446 0.176889 0.156062 1.0 1.0 1.0 1.0 0.359345 0.154446 0.176889 0.156062 1.0 1.0 1.0 1.0
          </float_array>
          <technique_common>
            <accessor count="843" source="#p2-proxy741-skin-weights-array" stride="1">
              <param type="float" name="WEIGHT"></param>
            </accessor>
          </technique_common>
        </source>
        <source id="p2-proxy741-skin-poses">
          <float_array count="512" id="p2-proxy741-skin-poses-array">
            1.0000 0.0000 -0.0000 -0.0000
            -0.0000 0.9810 -0.1941 -11.0909
            0.0000 0.1941 0.9810 -2.2997
            0.0000 0.0000 0.0000 1.0000

            0.9886 0.1089 0.1043 -2.4568
            0.1014 -0.9920 0.0748 10.9600
            0.1116 -0.0634 -0.9917 0.5476
            0.0000 0.0000 0.0000 1.0000

            0.9886 -0.1089 -0.1043 2.4568
            -0.1014 -0.9920 0.0748 10.9600
            -0.1116 -0.0634 -0.9917 0.5476
            0.0000 0.0000 0.0000 1.0000

            1.0000 -0.0000 0.0000 0.0000
            0.0000 0.9687 -0.2483 -12.3723
            -0.0000 0.2483 0.9687 -2.9916
            0.0000 0.0000 0.0000 1.0000

            0.9886 0.1089 0.1043 -2.4568
            0.1125 -0.9932 -0.0299 6.0336
            0.1003 0.0413 -0.9941 -0.0875
            0.0000 0.0000 0.0000 1.0000

            0.9886 -0.1089 -0.1043 2.4568
            -0.1125 -0.9932 -0.0299 6.0336
            -0.1003 0.0413 -0.9941 -0.0875
            0.0000 0.0000 0.0000 1.0000

            1.0000 -0.0000 0.0000 0.0000
            0.0000 0.9967 0.0818 -13.1029
            -0.0000 -0.0818 0.9967 1.3643
            0.0000 0.0000 0.0000 1.0000

            0.9871 0.1581 0.0241 -2.4818
            0.0496 -0.4461 0.8936 0.1084
            0.1521 -0.8809 -0.4482 0.5009
            0.0000 0.0000 0.0000 1.0000

            0.9871 -0.1581 -0.0241 2.4818
            -0.0496 -0.4461 0.8936 0.1084
            -0.1521 -0.8809 -0.4482 0.5009
            0.0000 0.0000 0.0000 1.0000

            0.2089 -0.1665 -0.9637 3.4229
            -0.9637 -0.2028 -0.1738 3.2459
            -0.1665 0.9650 -0.2028 -16.1475
            0.0000 0.0000 0.0000 1.0000

            0.2089 0.1665 0.9637 -3.4229
            0.9637 -0.2028 -0.1738 3.2459
            0.1665 0.9650 -0.2028 -16.1475
            0.0000 0.0000 0.0000 1.0000

            1.0000 0.0000 -0.0000 -0.0000
            -0.0000 0.9986 -0.0537 -17.6784
            0.0000 0.0537 0.9986 -1.0358
            0.0000 0.0000 0.0000 1.0000

            0.9871 0.1581 0.0241 -2.4818
            -0.0244 0.0000 0.9997 -1.6522
            0.1581 -0.9874 0.0039 -0.2753
            0.0000 0.0000 0.0000 1.0000

            0.9871 -0.1581 -0.0241 2.4818
            0.0244 0.0000 0.9997 -1.6522
            -0.1581 -0.9874 0.0039 -0.2753
            0.0000 0.0000 0.0000 1.0000

            -0.7660 0.6322 -0.1163 -12.0726
            -0.6357 -0.7719 -0.0088 11.2121
            -0.0953 0.0672 0.9932 -1.5449
            0.0000 0.0000 0.0000 1.0000

            -0.7660 -0.6322 0.1163 12.0726
            0.6357 -0.7719 -0.0088 11.2121
            0.0953 0.0672 0.9932 -1.5449
            0.0000 0.0000 0.0000 1.0000

            1.0000 -0.0000 0.0000 0.0000
            0.0000 0.9999 0.0166 -18.9946
            -0.0000 -0.0166 0.9999 0.3009
            0.0000 0.0000 0.0000 1.0000

            -0.7660 0.6322 -0.1163 -12.0726
            -0.5084 -0.4851 0.7115 4.6534
            0.3934 0.6041 0.6930 -7.0966
            0.0000 0.0000 0.0000 1.0000

            -0.7660 -0.6322 0.1163 12.0726
            0.5084 -0.4851 0.7115 4.6534
            -0.3934 0.6041 0.6930 -7.0966
            0.0000 0.0000 0.0000 1.0000

            1.0000 0.0000 0.0000 0.0000
            0.0000 -0.7006 0.7135 12.8119
            -0.0000 -0.7135 -0.7006 13.9715
            0.0000 0.0000 0.0000 1.0000

            0.8368 -0.5446 0.0572 10.7258
            -0.1298 -0.0957 0.9869 0.4166
            -0.5320 -0.8332 -0.1508 16.1339
            0.0000 0.0000 0.0000 1.0000

            0.8367 0.5447 -0.0572 -10.7285
            0.1298 -0.0957 0.9869 0.4165
            0.5321 -0.8331 -0.1508 16.1321
            0.0000 0.0000 0.0000 1.0000

            0.3435 0.6766 0.6513 -8.1917
            -0.2592 -0.5983 0.7582 4.1425
            0.9027 -0.4292 -0.0301 10.6684
            0.0000 0.0000 0.0000 1.0000

            0.3435 -0.6766 -0.6513 8.1917
            0.2592 -0.5983 0.7582 4.1425
            -0.9027 -0.4292 -0.0301 10.6684
            0.0000 0.0000 0.0000 1.0000

            0.8859 -0.2071 -0.4150 8.8530
            0.3082 -0.4059 0.8604 3.8254
            -0.3467 -0.8901 -0.2958 10.0692
            0.0000 0.0000 0.0000 1.0000

            0.2463 0.4798 0.8421 -6.8637
            -0.4078 -0.7369 0.5392 4.3470
            0.8792 -0.4762 0.0142 11.1175
            0.0000 0.0000 0.0000 1.0000

            0.7297 0.5105 0.4549 -3.4293
            -0.1433 -0.5362 0.8318 2.5105
            0.6686 -0.6722 -0.3181 13.3308
            0.0000 0.0000 0.0000 1.0000

            0.8866 0.2053 0.4144 -8.8324
            -0.3082 -0.4059 0.8604 3.8254
            0.3449 -0.8905 -0.2966 10.0873
            0.0000 0.0000 0.0000 1.0000

            0.2463 -0.4798 -0.8421 6.8637
            0.4078 -0.7369 0.5392 4.3470
            -0.8792 -0.4762 0.0142 11.1175
            0.0000 0.0000 0.0000 1.0000

            0.7297 -0.5105 -0.4549 3.4293
            0.1433 -0.5362 0.8318 2.5105
            -0.6686 -0.6722 -0.3181 13.3308
            0.0000 0.0000 0.0000 1.0000

            0.8906 -0.1871 -0.4145 8.6322
            0.2891 -0.4707 0.8336 4.1460
            -0.3510 -0.8622 -0.3651 9.9675
            0.0000 0.0000 0.0000 1.0000

            0.8912 0.1856 0.4139 -8.6155
            -0.2891 -0.4707 0.8336 4.1460
            0.3495 -0.8625 -0.3658 9.9819
            0.0000 0.0000 0.0000 1.0000

          </float_array>
          <technique_common>
            <accessor count="32" source="#p2-proxy741-skin-poses-array" stride="16">
              <param type="float4x4"></param>
            </accessor>
          </technique_common>
        </source>
        <joints>
          <input semantic="JOINT" source="#p2-proxy741-skin-joints"/>
          <input semantic="INV_BIND_MATRIX" source="#p2-proxy741-skin-poses"/>
        </joints>
        <vertex_weights count="531">
          <input offset="0" semantic="JOINT" source="#p2-proxy741-skin-joints"/>
          <input offset="1" semantic="WEIGHT" source="#p2-proxy741-skin-weights"/>
          <vcount>
            1 1 1 1 1 1 1 1 1 1 1 1 1 2 1 2 1 1 2 1 1 1 1 1 1 1 1 2 1 2 2 2 2 1 1 2 2 1 1 1 1 1 1 2 2 1 2 3 1 1 1 3 1 1 1 1 1 1 1 3 3 2 2 3 2 2 1 1 1 1 1 1 1 1 1 1 1 1 1 1 1 1 1 2 3 3 2 1 1 1 1 3 3 2 1 1 1 3 2 2 1 1 1 1 1 1 1 1 1 1 1 2 1 1 2 3 3 3 3 3 2 2 2 2 4 2 2 3 3 3 3 3 2 3 3 1 2 2 2 2 2 2 3 3 2 2 2 2 2 1 3 2 2 2 2 2 2 2 2 1 1 1 1 1 1 1 2 2 2 2 2 2 2 2 2 1 1 1 1 2 2 2 2 2 2 1 3 1 1 1 1 2 1 2 1 2 2 2 2 2 2 1 1 1 1 1 1 1 1 1 1 1 1 2 2 2 2 1 1 1 1 1 1 2 2 1 2 1 2 2 2 2 1 1 2 2 2 2 1 1 1 1 1 1 1 2 2 1 2 1 1 1 1 1 1 1 1 1 1 1 1 1 2 1 2 1 1 2 1 1 1 1 1 1 1 1 2 1 2 2 2 2 1 1 2 2 1 1 1 1 1 1 2 2 1 2 3 1 1 1 3 1 1 1 1 1 1 1 3 3 2 2 3 2 2 1 1 1 1 1 1 1 1 1 1 1 1 1 1 1 1 1 1 2 3 3 2 1 1 2 3 3 2 2 1 1 1 3 2 2 1 1 1 1 1 1 1 1 1 1 1 1 1 2 1 1 1 1 1 3 3 3 3 3 3 2 2 2 4 2 3 3 3 3 3 2 2 3 3 1 2 2 2 2 2 2 3 3 2 2 2 2 1 2 2 2 2 1 2 2 2 2 2 2 2 3 2 2 2 2 2 2 1 1 1 1 1 1 1 2 2 1 1 1 1 1 1 1 2 2 2 2 2 2 2 2 2 1 1 1 1 2 2 2 2 2 2 1 3 1 1 1 1 2 1 2 1 2 2 2 2 2 2 1 1 1 1 1 1 1 1 1 1 1 1 2 2 2 2 1 1 1 1 1 1 2 1 2 1 1 1 2 2 2 2 1 1 2 2 2 2 1 1 1 1 1 1 1 2 2 2 2 2 2 2 2 2 1 2 2 2
          </vcount>
          <v>
            16 608 16 607 16 606 16 605 16 604 16 603 16 602 16 601 16 600 16 599 16 598 16 597 16 596 16 595 19 714 16 594 15 357 16 593 16 592 16 591 16 590 19 713 16 589 16 588 16 587 16 586 16 585 16 584 16 583 16 582 15 356 16 581 16 580 16 579 19 712 16 578 19 711 16 577 19 710 16 576 19 709 16 575 16 574 11 329 16 573 16 572 19 708 19 707 16 571 16 570 16 569 16 568 16 567 16 566 19 706 16 565 19 705 16 564 16 563 19 704 11 328 16 562 19 703 16 561 16 560 16 559 11 327 16 558 19 702 16 557 16 556 16 555 16 554 16 553 16 552 16 551 11 326 16 550 19 701 11 325 16 549 19 700 16 548 19 699 16 547 19 698 11 324 16 546 19 697 16 545 19 696 16 544 19 695 16 543 16 542 19 694 16 541 16 540 16 539 16 538 16 537 16 536 16 535 16 534 16 533 16 532 16 531 16 530 16 529 16 528 16 527 19 693 11 323 16 526 19 692 11 322 16 525 19 691 11 321 19 690 19 689 19 688 19 687 19 686 6 185 11 320 19 685 6 184 11 319 19 684 15 355 16 524 16 523 16 522 16 521 11 318 16 520 19 683 11 317 16 519 11 316 16 518 16 517 16 516 16 515 16 514 16 513 16 512 16 511 16 510 16 509 16 508 16 507 11 315 16 506 16 505 16 504 11 314 16 503 6 183 10 262 11 313 6 182 10 261 11 312 6 181 10 260 11 311 6 180 10 259 11 310 6 179 10 258 11 309 6 178 11 308 6 177 11 307 6 176 11 306 6 175 11 305 6 174 10 257 11 304 15 354 6 173 11 303 6 172 10 256 6 171 10 255 11 302 6 170 10 254 11 301 6 169 10 253 11 300 6 168 10 252 11 299 6 167 10 251 11 298 6 166 11 297 6 165 10 250 15 353 6 164 10 249 15 352 10 248 15 351 18 632 15 350 18 631 15 349 18 630 18 629 23 766 18 628 23 765 18 627 23 764 6 163 10 247 15 348 6 162 10 246 15 347 15 346 18 626 18 625 23 763 6 161 10 245 6 160 10 244 3 89 6 159 0 41 0 40 3 88 6 158 0 39 3 87 0 38 3 86 0 37 1 44 15 345 18 624 15 344 18 623 0 36 1 43 18 622 23 762 18 621 23 761 4 109 4 108 4 107 4 106 4 105 4 104 4 103 4 102 7 204 4 101 7 203 4 100 7 202 4 99 7 201 4 98 7 200 4 97 7 199 4 96 7 198 23 760 27 805 23 759 27 804 31 842 31 841 31 840 31 839 23 758 27 803 23 757 27 802 27 801 31 838 27 800 31 837 27 799 31 836 27 798 31 835 23 756 23 755 27 797 29 826 23 754 23 753 23 752 23 751 23 750 28 819 23 749 23 748 28 818 23 747 23 746 29 825 23 745 29 824 23 744 28 817 23 743 28 816 23 742 28 815 23 741 28 814 29 823 29 822 28 813 28 812 28 811 29 821 29 820 28 810 28 809 28 808 28 807 28 806 4 95 7 197 4 94 7 196 4 93 7 195 4 92 7 194 7 193 7 192 7 191 7 190 7 189 7 188 0 35 1 42 0 34 3 85 4 91 4 90 7 187 7 186 16 502 19 682 16 501 19 681 16 500 19 680 16 499 19 679 16 498 19 678 16 497 19 677 16 496 19 676 16 495 19 675 16 494 19 674 16 493 16 492 16 491 16 490 16 489 16 488 16 487 0 33 2 67 0 32 3 84 0 31 0 30 3 83 16 486 16 485 16 484 16 483 16 482 16 481 16 480 16 479 16 478 16 477 16 476 16 475 16 474 16 473 19 673 16 472 14 343 16 471 16 470 16 469 16 468 19 672 16 467 16 466 16 465 16 464 16 463 16 462 16 461 16 460 14 342 16 459 16 458 16 457 19 671 16 456 19 670 16 455 19 669 16 454 19 668 16 453 19 667 11 296 16 452 16 451 19 666 19 665 16 450 16 449 16 448 16 447 16 446 16 445 19 664 16 444 19 663 16 443 16 442 19 662 11 295 16 441 19 661 16 440 16 439 16 438 11 294 16 437 19 660 16 436 16 435 16 434 16 433 16 432 16 431 16 430 11 293 16 429 19 659 11 292 16 428 19 658 16 427 19 657 16 426 19 656 11 291 16 425 19 655 16 424 19 654 16 423 19 653 16 422 16 421 16 420 16 419 16 418 16 417 16 416 16 415 16 414 16 413 16 412 16 411 16 410 16 409 16 408 16 407 16 406 16 405 16 404 19 652 11 290 16 403 19 651 11 289 16 402 19 650 11 288 19 649 19 648 19 647 11 287 19 646 6 157 11 286 19 645 6 156 11 285 19 644 11 284 19 643 14 341 16 401 16 400 16 399 16 398 11 283 16 397 19 642 11 282 16 396 11 281 16 395 16 394 16 393 16 392 16 391 16 390 16 389 16 388 16 387 16 386 16 385 16 384 16 383 16 382 11 280 16 381 16 380 16 379 16 378 16 377 16 376 6 155 9 242 11 279 6 154 9 241 11 278 6 153 10 243 11 277 6 152 9 240 11 276 6 151 9 239 11 275 6 150 9 238 11 274 6 149 11 273 6 148 11 272 6 147 11 271 6 146 9 237 11 270 14 340 6 145 9 236 6 144 9 235 11 269 6 143 9 234 11 268 6 142 9 233 11 267 6 141 9 232 11 266 6 140 9 231 11 265 6 139 11 264 6 138 11 263 6 137 9 230 14 339 6 136 9 229 14 338 9 228 14 337 17 620 14 336 17 619 14 335 17 618 17 617 22 740 17 616 22 739 17 615 22 738 6 135 9 227 14 334 6 134 9 226 14 333 14 332 17 614 17 613 22 737 6 133 9 225 6 132 9 224 6 131 0 29 2 66 0 28 2 65 0 27 3 82 3 81 6 130 0 26 0 25 3 80 0 24 3 79 0 23 3 78 0 22 3 77 0 21 3 76 0 20 2 64 0 19 3 75 0 18 2 63 3 74 0 17 3 73 0 16 2 62 14 331 17 612 14 330 17 611 0 15 2 61 0 14 2 60 2 59 2 58 2 57 2 56 2 55 2 54 2 53 17 610 22 736 17 609 22 735 5 129 5 128 5 127 5 126 5 125 5 124 5 123 5 122 8 223 5 121 8 222 5 120 8 221 5 119 8 220 5 118 8 219 5 117 8 218 5 116 8 217 22 734 24 775 22 733 24 774 30 834 30 833 30 832 30 831 22 732 24 773 22 731 24 772 24 771 30 830 24 770 30 829 24 769 30 828 24 768 30 827 22 730 22 729 24 767 26 796 22 728 22 727 22 726 22 725 22 724 25 789 22 723 22 722 25 788 22 721 22 720 26 795 22 719 26 794 22 718 25 787 22 717 25 786 22 716 25 785 22 715 25 784 26 793 26 792 25 783 25 782 25 781 26 791 26 790 25 780 25 779 25 778 25 777 25 776 5 115 8 216 5 114 8 215 5 113 8 214 5 112 8 213 8 212 8 211 8 210 8 209 8 208 8 207 0 13 2 52 5 111 5 110 8 206 8 205 16 375 19 641 16 374 19 640 16 373 19 639 16 372 19 638 16 371 19 637 16 370 16 369 16 368 19 636 16 367 19 635 16 366 19 634 16 365 19 633 16 364 16 363 16 362 16 361 16 360 16 359 16 358 0 12 2 51 0 11 2 50 0 10 2 49 0 9 3 72 0 8 2 48 0 7 2 47 0 6 2 46 0 5 2 45 0 4 3 71 0 3 0 2 3 70 0 1 3 69 0 0 3 68
          </v>
        </vertex_weights>
      </skin>
    </controller>

    <controller id="p2-mhair02-skin">
      <skin source="#p2-mhair02Mesh">
        <bind_shape_matrix>
          1 0 0 0
          0 1 0 0
          0 0 1 0
          0 0 0 1
        </bind_shape_matrix>
        <source id="p2-mhair02-skin-joints">
          <IDREF_array count="32" id="p2-mhair02-skin-joints-array">
            hips thigh_L thigh_R spine shin_L shin_R chest foot_L foot_R clavicle_R clavicle_L neck toe_L toe_R upper_arm_R upper_arm_L head forearm_R forearm_L jaw eye_R eye_L hand_R hand_L thumb_02_R f_ring_01_R f_index_01_R thumb_02_L f_ring_01_L f_index_01_L thumb_03_R thumb_03_L
          </IDREF_array>
          <technique_common>
            <accessor count="32" source="#p2-mhair02-skin-joints-array" stride="1">
              <param type="IDREF" name="JOINT"></param>
            </accessor>
          </technique_common>
        </source>
        <source id="p2-mhair02-skin-weights">
          <float_array count="2618" id="p2-mhair02-skin-weights-array">
